0 aq -0.643817 0.455722 -0.102248 0.007397
0 ag 4.856544 -3.320336 0.736694 -0.053009
0 bq 15.752480 -10.214070 2.205987 -0.154698
0 bg -110.117290 76.621848 -17.159829 1.243784
1 aq -3.177661 1.738655 -0.314247 0.020148
1 ag -7.015834 4.424877 -0.933860 0.066069
1 bq -294.523604 196.003260 -39.391894 2.595074
1 bg -434.051406 279.103927 -55.228702 3.521834
2 aq 0.235702 -0.202712 0.049223 -0.003702
2 ag 0.276726 -0.211292 0.048087 -0.003450
2 bq -17.703653 11.855998 -2.283200 0.151790
2 bg -18.518828 11.531389 -2.112280 0.132918
