0 aq -0.786613 0.476792 -0.096912 0.006518
0 ag -0.497907 0.320599 -0.069069 0.004885
0 bq 21.927024 -13.467242 2.815990 -0.192362
0 bg 14.738809 -8.552127 1.774221 -0.122502
1 aq 12.981628 -7.275899 1.373811 -0.086432
1 ag -0.634917 0.616386 -0.146967 0.010403
1 bq -361.821264 208.535725 -36.681793 2.201953
1 bg -148.665744 70.062898 -8.054156 0.291954
2 aq 0.717788 -0.430206 0.085066 -0.005602
2 ag 0.621220 -0.408834 0.087816 -0.006162
2 bq -14.016982 8.204199 -1.267703 0.070076
2 bg -0.238396 -0.733766 0.486269 -0.040350
