0 aq 0.486861 -0.334479 0.075533 -0.005527
0 ag -21.850562 14.909448 -3.296744 0.236523
0 bq -11.561242 7.989040 -1.724522 0.121894
0 bg 509.689556 -347.153182 76.740448 -5.504438
1 aq -0.702204 0.630575 -0.179673 0.016298
1 ag -3.995820 2.700563 -0.613045 0.046136
1 bq -267.432306 179.191072 -36.257100 2.417490
1 bg -370.618093 237.549303 -46.497635 2.927064
2 aq -0.023336 0.002216 0.000442 -0.000060
2 ag 0.566783 -0.382144 0.082129 -0.005707
2 bq -7.759407 5.392969 -0.914207 0.057490
2 bg -15.516448 9.587588 -1.697424 0.103889
