0 aq 0.415131 -0.278549 0.056152 -0.003384
0 ag -2.129603 1.386683 -0.289327 0.019249
0 bq -1.930981 2.111304 -0.437157 0.023908
0 bg 46.908719 -29.265301 6.006700 -0.395510
1 aq -0.054164 0.313662 -0.042145 -0.000838
1 ag -3.124624 1.912155 -0.373744 0.024457
1 bq -293.543497 163.821431 -26.998126 1.522145
1 bg -44.529584 -0.844705 7.723946 -0.845018
2 aq -0.014310 0.003006 0.000152 -0.000185
2 ag 0.832204 -0.586445 0.131765 -0.009582
2 bq -7.604877 3.826534 -0.309911 0.002438
2 bg -5.978125 3.172430 -0.382106 0.022730
