0 aq -0.010777 0.002061 0.000256 -0.000045
0 ag -0.005932 0.001153 0.000121 -0.000023
0 bq -0.995517 0.951931 -0.224273 0.015531
0 bg 0.402504 -0.098755 0.023253 -0.002646
1 aq 5.043845 -2.893383 0.540538 -0.033151
1 ag -4.311277 2.952504 -0.655855 0.047215
1 bq 22.790710 -16.042870 3.539892 -0.185237
1 bg 3.061798 3.982898 -1.902094 0.230582
2 aq -0.002333 0.000354 0.000070 -0.000017
2 ag -0.002077 0.000297 0.000063 -0.000011
2 bq 1.683593 -1.016258 0.215933 -0.013336
2 bg 0.338414 -0.026023 -0.024364 0.004565
