0 aq -0.014564 0.002616 0.000410 -0.000071
0 ag -0.008742 0.001268 0.000230 -0.000032
0 bq -1.492429 1.241997 -0.280125 0.019094
0 bg 0.287589 -0.036162 0.011653 -0.001938
1 aq -1.186291 0.897678 -0.212310 0.015713
1 ag -5.017679 3.427135 -0.759938 0.054661
1 bq 66.995446 -42.024231 8.476285 -0.491301
1 bg 10.030069 -0.346497 -1.053714 0.178461
2 aq -0.003885 0.000161 0.000034 0.000001
2 ag -0.006230 0.001122 0.000131 -0.000028
2 bq 1.987267 -1.218515 0.258796 -0.016344
2 bg 0.258171 0.009047 -0.029280 0.004751
